FANN_FIX_2.0
decimal_point=13
num_layers=3
learning_rate=0.700000
connection_rate=1.000000
network_type=0
learning_momentum=0.000000
training_algorithm=2
train_error_function=1
train_stop_function=0
cascade_output_change_fraction=0.010000
quickprop_decay=-0.000100
quickprop_mu=1.750000
rprop_increase_factor=1.200000
rprop_decrease_factor=0.500000
rprop_delta_min=0.000000
rprop_delta_max=50.000000
rprop_delta_zero=0.100000
cascade_output_stagnation_epochs=12
cascade_candidate_change_fraction=0.010000
cascade_candidate_stagnation_epochs=12
cascade_max_out_epochs=150
cascade_min_out_epochs=50
cascade_max_cand_epochs=150
cascade_min_cand_epochs=50
cascade_num_candidate_groups=2
bit_fail_limit=82
cascade_candidate_limit=8192000
cascade_weight_multiplier=3277
cascade_activation_functions_count=10
cascade_activation_functions=3 5 7 8 10 11 14 15 16 17 
cascade_activation_steepnesses_count=4
cascade_activation_steepnesses=2048 4096 6144 8192 
layer_sizes=5 8 2 
neurons (num_inputs, activation_function, activation_steepness)=(0, 0, 0) (0, 0, 0) (0, 0, 0) (0, 0, 0) (0, 0, 0) (5, 5, 8192) (5, 5, 8192) (5, 5, 8192) (5, 5, 8192) (5, 5, 8192) (5, 5, 8192) (5, 5, 8192) (0, 5, 8192) (8, 5, 8192) (0, 5, 8192) 
connections (connected_to_neuron, weight)=(0, -655) (1, -1892) (2, 1109) (3, 12217) (4, -1366) (0, -280) (1, -1765) (2, 3973) (3, 3754) (4, -2764) (0, -3129) (1, -1140) (2, 2099) (3, 9004) (4, -3501) (0, -1059) (1, -1427) (2, -3175) (3, -4739) (4, -760) (0, 1514) (1, -5320) (2, 3394) (3, 4557) (4, -89) (0, -1245) (1, -3559) (2, 4339) (3, 10292) (4, -1364) (0, 729) (1, 2742) (2, -3861) (3, -4952) (4, 2489) (5, -24180) (6, -25072) (7, -3134) (8, -325) (9, -658) (10, -61059) (11, 4016) (12, -417) 
